-1.32297422E+02
-1.32297406E+02
-1.32297381E+02
-1.32297342E+02
-1.32297284E+02
-1.32297199E+02
-1.32297084E+02
-1.32296934E+02
-1.32296746E+02
-1.32296517E+02
-1.32296245E+02
-1.32295929E+02
-1.32295568E+02
-1.32295165E+02
-1.32294732E+02
-1.32294321E+02
-1.32294112E+02
-1.32294448E+02
-1.32295571E+02
-1.32297349E+02
-1.32299255E+02
-1.32300737E+02
-1.32301860E+02
-1.32302789E+02
-1.32303569E+02
-1.32304230E+02
-1.32304796E+02
-1.32305282E+02
-1.32305704E+02
-1.32306069E+02
-1.32306386E+02
-1.32306662E+02
-1.32306901E+02
-1.32307107E+02
-1.32307285E+02
-1.32307439E+02
-1.32307570E+02
-1.32307683E+02
-1.32307778E+02
-1.32307859E+02
-1.32307926E+02
-1.32307982E+02
