 -195.18058098 
 -195.18221463 
 -195.18364478 
 -195.18488528 
 -195.18595030 
 -195.18685422 
 -195.18761154 
 -195.18823668 
 -195.18874394 
 -195.18914729 
 -195.18946025 
 -195.18969582 
 -195.18986627 
 -195.18998312 
 -195.19005693 
 -195.19009728 
 -195.19011263 
 -195.19011025 
 -195.19009617 
 -195.19007504 
 -195.19005010 
 -195.19002307 
 -195.18999199 
 -195.18995836 
 -195.18991771 
 -195.18986935 
 -195.18980490 
 -195.18972455 
 -195.18961979 
 -195.18948797 
 -195.18932703 
 -195.18913235 
 -195.18890443 
 -195.18863894 
 -195.18833607 
 -195.18799163 
 -195.18760793 
 -195.18717758 
 -195.18670565 
 -195.18618527 
  -195.18561836 
  -195.18500416 
  -195.18433808 
  -195.18362165 
  -195.18285007 
  -195.18202661 
  -195.18114539 
  -195.18020413 
  -195.17920342 
  -195.17813668 
  -195.17700186 
  -195.17580015 
  -195.17451665 
  -195.17315933 
  -195.17171118 
  -195.17017072 
  -195.16853177 
  -195.16678485 
  -195.16491949 
  -195.16293102 
  -195.16080149 
  -195.15852579 
  -195.15611213 
  -195.15353830 
  -195.15082407 
  -195.14799395 
  -195.14514547 
  -195.14248812 
  -195.14027424 
  -195.13876527 
  -195.13822078 
  -195.13876527 
  -195.14027425 
  -195.14248812 
  -195.14514547 
  -195.14799395 
  -195.15082407 
  -195.15353830 
  -195.15611213 
  -195.15852579 
  -195.16080149 
  -195.16293102 
  -195.16491949 
  -195.16678629 
  -195.16853177 
  -195.17017072 
  -195.17171118 
  -195.17315972 
  -195.17451665 
  -195.17579964 
  -195.17700186 
  -195.17813668 
  -195.17920342 
  -195.18020413 
  -195.18114538 
  -195.18202661 
  -195.18285007 
  -195.18362165 
  -195.18433808 
  -195.18500413 
  -195.18561862 
  -195.18618528 
  -195.18670565 
  -195.18717758 
  -195.18760794 
  -195.18799163 
  -195.18833607 
  -195.18863894 
  -195.18890443 
  -195.18913235 
  -195.18932703 
  -195.18948797 
  -195.18961979 
  -195.18972455 
  -195.18980490 
  -195.18986935 
  -195.18991771 
  -195.18995836 
  -195.18999199 
  -195.19002307 
  -195.19005010 
  -195.19007504 
  -195.19009617 
  -195.19011026 
  -195.19011263 
  -195.19009728 
  -195.19005693 
  -195.18998311 
  -195.18986627 
  -195.18969581 
  -195.18946025 
  -195.18914729 
  -195.18874394 
  -195.18823668 
  -195.18761154 
  -195.18685422 
  -195.18595030 
  -195.18488528 
  -195.18364478 
  -195.18221463 
  -195.18058098 
