  -323.20129863000000     
  -323.20127121000002     
  -323.20124053000001     
  -323.20120317999999     
  -323.20117312999997     
  -323.20115312000001     
  -323.20111616000003     
  -323.20107745000001     
  -323.20104250000003     
  -323.20100166999998     
  -323.20096411999998     
  -323.20093399000001     
  -323.20086865000002     
  -323.20083946000000     
  -323.20082772000001     
  -323.20078518999998     
  -323.20074179000000     
  -323.20070311000001     
  -323.20067770999998     
  -323.20063714999998     
  -323.20058961000001     
  -323.20052041999998     
  -323.20050044999999     
  -323.20043579999998     
  -323.20041712000000     
  -323.20034344999999     
  -323.20030469000000     
  -323.20027983000000     
  -323.20020424000001     
  -323.20014701999997     
  -323.20009379999999     
  -323.20003452999998     
  -323.19997286000000     
  -323.19990302999997     
  -323.19983951000000     
  -323.19976607000001     
  -323.19969272999998     
  -323.19961167000002     
  -323.19953074000000     
  -323.19943510000002     
  -323.19934454999998     
  -323.19923994999999     
  -323.19915596999999     
  -323.19900080999997     
  -323.19888820000000     
  -323.19873464000000     
  -323.19859076000000     
  -323.19843019000001     
  -323.19824851999999     
  -323.19807794000002     
  -323.19787728000000     
  -323.19766733000000     
  -323.19744319000000     
  -323.19720834999998     
  -323.19694284000002     
  -323.19668644000001     
  -323.19641037000002     
  -323.19611350999998     
  -323.19581313999998     
  -323.19550544999998     
  -323.19515224999998     
  -323.19479682999997     
  -323.19440651999997     
  -323.19401807000003     
  -323.19362131999998     
  -323.19320327999998     
  -323.19272533999998     
  -323.19223763999997     
  -323.19176591000002     
  -323.19129579000003     
  -323.19074329000000     
  -323.19021533000000     
  -323.18965831000003     
  -323.18908979999998     
  -323.18849196000002     
  -323.18785563000000     
  -323.18720685000000     
  -323.18651450999999     
  -323.18581396000002     
  -323.18510687999998     
  -323.18437544000000     
  -323.18361105999998     
  -323.18282683000001     
  -323.18201379999999     
  -323.18117963999998     
  -323.18031631999997     
  -323.17942722999999     
  -323.17849317000002     
  -323.17759918000002     
  -323.17664962999999     
  -323.17568137000001     
  -323.17467878000002     
  -323.17365367000002     
  -323.17257776999998     
  -323.17152383000001     
  -323.17044334000002     
  -323.16936595999999     
  -323.16825275999997     
  -323.16713786999998     
  -323.16597811000003     
  -323.16477039000000     
  -323.16356575999998     
  -323.16232903999997     
  -323.16101981999998     
  -323.15966201999998     
  -323.15821075000002     
  -323.15665251000001     
  -323.15488096000001     
  -323.15313128999998     
  -323.15149431999998     
  -323.15042443999999     
  -323.15030890999998     
  -323.15140403999999     
  -323.15375353000002     
  -323.15733484999998     
  -323.16189262000000     
  -323.16705865000000     
  -323.17243332999999     
  -323.17773821999998     
  -323.18284039999998     
  -323.18758645000003     
  -323.19207427999999     
  -323.19614340999999     
  -323.19985723000002     
  -323.20321559000001     
  -323.20623303999997     
  -323.20893813999999     
  -323.21134158000001     
  -323.21345862999999     
  -323.21530308000001     
  -323.21690437000001     
  -323.21826374000000     
  -323.21941495999999     
  -323.22037611000002     
  -323.22120066999997     
  -323.22194751000001     
  -323.22258213999999     
  -323.22315886000001     
  -323.22368591999998     
  -323.22416931999999     
  -323.22462386000001     
  -323.22504851999997     
  -323.22544335999999     
  -323.22581187999998     
  -323.22616588000000     
  -323.22649617000002     
  -323.22679552000000     
  -323.22703401000001     
  -323.22730638000002     
  -323.22757152999998     
  -323.22782463999999     
  -323.22805813999997     
  -323.22829682000003     
  -323.22851485000001     
  -323.22873707000002     
  -323.22896065999998     
  -323.22918293999999     
  -323.22940363999999     
  -323.22962302000002     
  -323.22984466000003     
  -323.23005917000000     
  -323.23027178000001     
  -323.23048883000001     
  -323.23070849999999     
  -323.23092874000002     
  -323.23114235000003     
  -323.23135695000002     
  -323.23157968999999     
  -323.23179408999999     
  -323.23200723000002     
  -323.23222320999997     
  -323.23243830000001     
  -323.23265541000001     
  -323.23287303000001     
  -323.23308742000000     
  -323.23329783999998     
  -323.23350405999997     
  -323.23371291000001     
  -323.23391113000002     
  -323.23411665999998     
  -323.23431656999998     
  -323.23451445000001     
  -323.23470729000002     
  -323.23490289000000     
  -323.23509239999998     
  -323.23527887000000     
  -323.23546167000001     
  -323.23564155999998     
  -323.23581593000000     
  -323.23598552999999     
  -323.23615217999998     
  -323.23631412999998     
  -323.23647620000003     
  -323.23663327000003     
  -323.23678804999997     
  -323.23693538999999     
  -323.23707854999998     
  -323.23721869000002     
  -323.23735039000002     
  -323.23748226999999     
  -323.23760612000001     
  -323.23772235000001     
  -323.23783334000001     
  -323.23794040000001     
  -323.23804471000000     
  -323.23814317000000     
  -323.23823874999999     
  -323.23832965999998     
  -323.23841521000003     
  -323.23849582999998     
  -323.23857075000001     
  -323.23863987999999     
  -323.23870793999998     
  -323.23876389999998     
  -323.23881426999998     
  -323.23885640999998     
  -323.23889290000000     
  -323.23892411000003     
  -323.23894381000002     
  -323.23896086000002     
  -323.23897758999999     
  -323.23897455999997     
  -323.23897038000001     
