 -272.01600137 
 -272.07520562 
 -272.12122205 
 -272.15630336 
 -272.18236425 
 -272.20100687 
 -272.21356297 
 -272.22115221 
 -272.22471908 
 -272.22505338 
 -272.22281108 
 -272.21845548 
 -272.21242186 
 -272.20518848 
 -272.19720843 
 -272.18885201 
 -272.18051017 
 -272.17254529 
 -272.16525338 
 -272.15892521 
 -272.15372953 
 -272.14975053 
 -272.14702249 
 -272.14548771 
 -272.14499928 
 -272.14534758 
 -272.14630471 
 -272.14765466 
 -272.14922375 
 -272.15088182 
 -272.15254206 
 -272.15415346 
 -272.15567249 
 -272.15708477 
 -272.15837950 
 -272.15955648 
 -272.16061512 
 -272.16156127 
 -272.16240388 
 -272.16314647 
 -272.16379501 
 -272.16435591 
 -272.16483431 
 -272.16523705 
 -272.16557214 
 -272.16584862 
 -272.16607459 
 -272.16625792 
 -272.16640547 
 -272.16652458 
 -272.16662369 
 -272.16670744 
 -272.16678424 
 -272.16686065 
 -272.16694085 
 -272.16702575 
 -272.16711492 
 -272.16720814 
 -272.16730313 
 -272.16739585 
 -272.16748155 
 -272.16755644 
 -272.16761698 
 -272.16766053 
 -272.16766784 
 -272.16755574 
 -272.16716718 
 -272.16628564 
 -272.16465477 
 -272.16200075 
 -272.15805393 
 -272.15256811 
 -272.14533529 
