  -79.679464780000004     
  -79.679426030000002     
  -79.679333060000005     
  -79.679063470000003     
  -79.678544939999995     
  -79.677761120000000     
  -79.676695570000007     
  -79.675296759999995     
  -79.673511779999998     
  -79.671259870000000     
  -79.668471120000007     
  -79.665071400000002     
  -79.660996350000005     
  -79.656211510000006     
  -79.650664890000002     
  -79.644317270000002     
  -79.637143300000005     
  -79.629129469999995     
  -79.620251629999998     
  -79.610535170000006     
  -79.600035539999993     
  -79.588851460000001     
  -79.577107190000007     
  -79.564980680000005     
  -79.552651209999993     
  -79.540324780000006     
  -79.528218370000005     
  -79.516586000000004     
  -79.505694230000003     
  -79.495844360000007     
  -79.487342810000001     
  -79.480518579999995     
  -79.475602339999995     
  -79.472788440000002     
  -79.471889270000005     
  -79.473057290000000     
  -79.475813930000001     
  -79.479771430000000     
  -79.484518080000001     
  -79.489771579999996     
  -79.495345020000002     
  -79.501088780000003     
  -79.506902769999996     
  -79.512792099999999     
  -79.518683179999996     
  -79.524518259999994     
  -79.530297899999994     
  -79.535982390000001     
  -79.541551229999996     
  -79.546978510000002     
  -79.552248329999998     
  -79.557339639999995     
  -79.562239840000004     
  -79.566933379999995     
  -79.571394269999999     
  -79.575636720000006     
  -79.579638599999996     
  -79.583392799999999     
  -79.586890550000007     
  -79.590129770000004     
  -79.593110530000004     
  -79.595832930000000     
  -79.598303180000002     
  -79.600526869999996     
  -79.602516499999993     
  -79.604280309999993     
  -79.605840999999998     
  -79.607213490000007     
  -79.608418029999996     
  -79.609478920000001     
  -79.610407379999998     
  -79.611222369999993     
  -79.611937780000005     
  -79.612567519999999     
  -79.613120420000001     
  -79.613596329999993     
  -79.614009150000001     
  -79.614365329999998     
  -79.614673539999998     
  -79.614935419999995     
  -79.615156049999996     
  -79.615347249999999     
  -79.615507480000005     
  -79.615640420000005     
  -79.615750489999996     
  -79.615840730000002     
  -79.615912660000006     
  -79.615970399999995     
  -79.616003210000002     
  -79.616036420000000     
  -79.616053370000003     
  -79.616068909999996     
