  -452.74161728000001     
  -452.74145733000000     
  -452.74127440000001     
  -452.74107256000002     
  -452.74084139000001     
  -452.74059067000002     
  -452.74031845000002     
  -452.74001415999999     
  -452.73968764000000     
  -452.73926675000001     
  -452.73905900000000     
  -452.73875036999999     
  -452.73835114000002     
  -452.73795260999998     
  -452.73749265999999     
  -452.73703762999997     
  -452.73656211000002     
  -452.73606832000002     
  -452.73555038000001     
  -452.73501121999999     
  -452.73456880999998     
  -452.73405437000002     
  -452.73354051000001     
  -452.73303423999999     
  -452.73258055999997     
  -452.73225805999999     
  -452.73199018999998     
  -452.73199942000002     
  -452.73263256000001     
  -452.73470338999999     
  -452.73886463999997     
  -452.74474534000001     
  -452.75084200999999     
  -452.75488760000002     
  -452.75667952999999     
  -452.75792354999999     
  -452.75889296000003     
  -452.75972171000001     
  -452.76043683000000     
  -452.76105203999998     
  -452.76163133000000     
  -452.76214630999999     
  -452.76258633999998     
  -452.76299005999999     
  -452.76333456999998     
  -452.76366965000000     
  -452.76395930000001     
  -452.76420898999999     
  -452.76442233000000     
  -452.76460581999999     
  -452.76476480620403     
  -452.76491514215598     
  -452.76501256544998     
  -452.76512068891799     
  -452.76522470386197     
  -452.76529055323999     
  -452.76535065121499     
